%!PS
%%BoundingBox: -228 -228 228 318 
%%HiResBoundingBox: -227.0216 -227.0216 227.0216 317.6402 
%%Creator: MetaPost 1.803
%%CreationDate: 2016.01.09:2100
%%Pages: 1
%%BeginProlog
%%EndProlog
%%Page: 1 1
 0 0 0 setrgbcolor 0 0.5 dtransform truncate idtransform setlinewidth pop
 [] 0 setdash 1 setlinejoin 10 setmiterlimit
newpath 84.94939 232.44081 moveto
84.94939 254.97179 75.99767 276.57727 60.06706 292.50787 curveto
44.13646 308.43848 22.53098 317.3902 0 317.3902 curveto
-22.53098 317.3902 -44.13646 308.43848 -60.06706 292.50787 curveto
-75.99767 276.57727 -84.94939 254.97179 -84.94939 232.44081 curveto
-84.94939 209.90984 -75.99767 188.30435 -60.06706 172.37375 curveto
-44.13646 156.44315 -22.53098 147.49142 0 147.49142 curveto
22.53098 147.49142 44.13646 156.44315 60.06706 172.37375 curveto
75.99767 188.30435 84.94939 209.90984 84.94939 232.44081 curveto closepath stroke
newpath 226.7716 0 moveto
226.7716 60.14624 202.87505 117.82185 160.34845 160.34845 curveto
117.82185 202.87505 60.14624 226.7716 0 226.7716 curveto
-60.14624 226.7716 -117.82185 202.87505 -160.34845 160.34845 curveto
-202.87505 117.82185 -226.7716 60.14624 -226.7716 0 curveto
-226.7716 -60.14624 -202.87505 -117.82185 -160.34845 -160.34845 curveto
-117.82185 -202.87505 -60.14624 -226.7716 0 -226.7716 curveto
60.14624 -226.7716 117.82185 -202.87505 160.34845 -160.34845 curveto
202.87505 -117.82185 226.7716 -60.14624 226.7716 0 curveto closepath stroke
showpage
%%EOF
